-1.159170376458315416e-01 -5.394236731837399879e-02 0.000000000000000000e+00
-3.019906746805479589e-02 1.367362608762587028e-01 0.000000000000000000e+00
-1.527933438713104941e-01 4.581819550264910196e-02 0.000000000000000000e+00
1.091706616618811909e-01 1.250209727683216365e-01 0.000000000000000000e+00
-1.066394420853030295e-01 -3.018558078917841017e-02 0.000000000000000000e+00
-1.197206740585076284e-01 -6.596673292053042981e-02 0.000000000000000000e+00
-1.802773382910850819e-01 -1.920032764608836651e-02 0.000000000000000000e+00
-1.558414917427537391e-02 -1.413201619382857821e-01 0.000000000000000000e+00
-1.055445092710965843e-01 1.297610140644593346e-01 0.000000000000000000e+00
9.940966406329368454e-02 7.560943773507407262e-02 0.000000000000000000e+00
4.988416124694904086e-02 1.298923419739089480e-01 0.000000000000000000e+00
1.704870568331046665e-01 8.149598679703001780e-02 0.000000000000000000e+00
1.218820557423923034e-01 3.609792123677833114e-02 0.000000000000000000e+00
-2.214160845389765916e-02 1.263178523341097759e-01 0.000000000000000000e+00
-1.048127716847660207e-01 3.456249741795711788e-02 0.000000000000000000e+00
1.195522754967398987e-01 -1.557602351462749612e-01 0.000000000000000000e+00
-1.849746193684788653e-01 -4.671396608920841236e-03 0.000000000000000000e+00
-1.787816743540140141e-01 2.316941054244080547e-02 0.000000000000000000e+00
-1.181203353308969833e-01 -1.019812135908801931e-01 0.000000000000000000e+00
8.494718549743557334e-02 -9.862042019905968571e-02 0.000000000000000000e+00
-8.001924826070774821e-02 -8.751424012509119443e-02 0.000000000000000000e+00
1.579683834216100494e-02 1.617522750961855327e-01 0.000000000000000000e+00
6.434937564214510131e-02 9.810697999480608167e-02 0.000000000000000000e+00
1.377052705393317644e-01 -9.558639035570974662e-02 0.000000000000000000e+00
1.453686717101765336e-01 -4.202698889669618382e-02 0.000000000000000000e+00
-1.250019360623721987e-01 8.294797355219248047e-02 0.000000000000000000e+00
-1.076147035913768285e-01 -1.310480552567263590e-01 0.000000000000000000e+00
1.073773035418901928e-02 -1.460781053154941445e-01 0.000000000000000000e+00
-1.179255349325234424e-02 1.306626584531308810e-01 0.000000000000000000e+00
-7.450983274959668834e-02 1.823520438238729613e-01 0.000000000000000000e+00
3.290358392120120573e-02 -1.689123161730672895e-01 0.000000000000000000e+00
-6.399784906680995589e-02 -1.641923196274237828e-01 0.000000000000000000e+00
1.071282848063452586e-01 -4.341002673144080462e-03 0.000000000000000000e+00
-8.003290485543679278e-02 -1.502602451481195867e-01 0.000000000000000000e+00
1.045681436754075100e-01 -1.348322496900498657e-01 0.000000000000000000e+00
-7.050440529318975635e-02 1.770310008067590424e-01 0.000000000000000000e+00
9.699170305722186469e-02 1.376745418492614503e-01 0.000000000000000000e+00
-8.001569108475409253e-02 -1.519198739964415512e-01 0.000000000000000000e+00
1.109274114884948037e-01 7.265177663494608307e-02 0.000000000000000000e+00
1.493386709020618208e-01 1.895919206591872852e-02 0.000000000000000000e+00
1.323989048784890987e-01 7.509599610552618321e-02 0.000000000000000000e+00
-1.025289346619046860e-01 1.548556204454821228e-01 0.000000000000000000e+00
-1.595946196632989089e-01 -1.906749004885751123e-02 0.000000000000000000e+00
-4.390148988402108737e-02 -1.064637257807664744e-01 0.000000000000000000e+00
-4.409266356223267430e-02 -1.735322663167097601e-01 0.000000000000000000e+00
-1.433760669190241310e-01 -5.459192255942065669e-02 0.000000000000000000e+00
1.407936280319425637e-01 9.541273524205307055e-02 0.000000000000000000e+00
1.843822855477343647e-01 1.357745461781766257e-02 0.000000000000000000e+00
1.121061650487904099e-01 9.175017547921530958e-02 0.000000000000000000e+00
-8.543046375546999027e-02 1.618700460508887551e-01 0.000000000000000000e+00
1.215614418488491916e-01 -1.377493756019449733e-01 0.000000000000000000e+00
-5.760391054563764046e-02 -9.325064084048105550e-02 0.000000000000000000e+00
-1.691290335548590318e-01 6.081247335984655417e-02 0.000000000000000000e+00
-1.625075845440279998e-01 2.480952214836798855e-02 0.000000000000000000e+00
1.716936824293771313e-01 5.311087604177423815e-02 0.000000000000000000e+00
2.940212216447436050e-02 1.697262268093188697e-01 0.000000000000000000e+00
-1.463897158308494484e-01 -7.065137973173635233e-02 0.000000000000000000e+00
-1.461270583707030002e-01 3.918220522724193827e-02 0.000000000000000000e+00
7.020957133378810666e-02 7.705339606595230928e-02 0.000000000000000000e+00
1.014879754539630141e-01 -1.562594333356756571e-02 0.000000000000000000e+00
-3.346239167491527750e-02 -1.436536352579403653e-01 0.000000000000000000e+00
-1.422224388693366370e-01 1.037165829124944982e-01 0.000000000000000000e+00
3.917920618231965357e-02 -1.093355834248675856e-01 0.000000000000000000e+00
-7.614070306699997903e-02 -8.761744923854845879e-02 0.000000000000000000e+00
2.718748799556846771e-02 -1.316433640958202256e-01 0.000000000000000000e+00
4.344610669648973217e-02 -1.137746628630880164e-01 0.000000000000000000e+00
1.230315101578086934e-01 8.013956867552153585e-02 0.000000000000000000e+00
1.710961219333912708e-01 8.932070779611671341e-02 0.000000000000000000e+00
-1.176598945717971384e-01 1.382791312203997536e-01 0.000000000000000000e+00
-3.091641091621548029e-02 9.950643916350225548e-02 0.000000000000000000e+00
-4.642259405896070196e-02 1.094392239848307191e-01 0.000000000000000000e+00
-1.315991452668901773e-01 -1.442380258970778206e-01 0.000000000000000000e+00
7.007678686632863585e-02 1.805370363132668410e-01 0.000000000000000000e+00
-6.656743468846269829e-02 -1.254931622253227796e-01 0.000000000000000000e+00
5.181216785385947543e-02 -8.765166469617646783e-02 0.000000000000000000e+00
1.077300043576351340e-01 1.811234900741271608e-02 0.000000000000000000e+00
1.561682189803848854e-02 -1.276925620206327550e-01 0.000000000000000000e+00
4.557487878213380313e-03 1.966723895185390203e-01 0.000000000000000000e+00
-9.811073333329582702e-02 5.632672874445402572e-02 0.000000000000000000e+00
-2.686364488727468330e-02 -1.067590345900209375e-01 0.000000000000000000e+00
8.750027851274969071e-02 1.351793505948568341e-01 0.000000000000000000e+00
1.849548606861132205e-01 -1.779948731730633671e-02 0.000000000000000000e+00
-1.836162890561138933e-02 1.396316283193085039e-01 0.000000000000000000e+00
1.076374059032413240e-02 1.190845607403873685e-01 0.000000000000000000e+00
1.500683729398444126e-02 1.402715350247575044e-01 0.000000000000000000e+00
3.129661991489685741e-02 -1.952004559560825137e-01 0.000000000000000000e+00
9.666727603163959015e-02 3.980949600316659176e-02 0.000000000000000000e+00
1.777555311261308779e-01 -1.878988585729253480e-02 0.000000000000000000e+00
3.555555826899164246e-02 1.237917956118680662e-01 0.000000000000000000e+00
-1.109119021708680417e-02 -1.085787135109967799e-01 0.000000000000000000e+00
-1.160806599020682978e-01 1.098757084181398169e-01 0.000000000000000000e+00
1.664282422150497598e-01 2.790599544130974857e-02 0.000000000000000000e+00
-1.104981951201132184e-01 1.161661149590298286e-01 0.000000000000000000e+00
4.066077370882696662e-02 -1.044282347195739369e-01 0.000000000000000000e+00
1.127340442821940791e-01 4.731245326386746691e-02 0.000000000000000000e+00
1.582455933490766464e-01 2.917618433337018299e-02 0.000000000000000000e+00
1.069092526256365805e-01 -9.049166890788117035e-02 0.000000000000000000e+00
-1.548275728703612242e-01 8.454239709822777837e-02 0.000000000000000000e+00
-6.437949383410980497e-02 -1.648123561044188556e-01 0.000000000000000000e+00
-1.490569918704204577e-01 2.031859680543170177e-02 0.000000000000000000e+00
5.520894657318967114e-02 -1.739884132040128428e-01 0.000000000000000000e+00
1.088183947800138024e-01 3.277501734878385947e-02 0.000000000000000000e+00
1.136168999592530315e-01 4.186126145803467646e-02 0.000000000000000000e+00
-1.189835051585537568e-01 -6.239204101592032981e-02 0.000000000000000000e+00
-2.062480889039477669e-02 -1.284477410689614241e-01 0.000000000000000000e+00
-1.569227370630945639e-01 2.566056359737515710e-02 0.000000000000000000e+00
-1.487086770698780036e-01 5.262667596211709903e-02 0.000000000000000000e+00
-5.026904154962285633e-03 1.727522041434885192e-01 0.000000000000000000e+00
-1.070002030318218250e-01 -1.375117567306076705e-01 0.000000000000000000e+00
7.721139101250065750e-02 9.920475835354054805e-02 0.000000000000000000e+00
9.417761647969034866e-02 5.972708767199570723e-02 0.000000000000000000e+00
-4.069367608074309778e-02 1.472171564452770254e-01 0.000000000000000000e+00
1.005723325549674613e-01 -4.778645636934836238e-02 0.000000000000000000e+00
-1.298522970661711573e-01 4.724721601970013202e-03 0.000000000000000000e+00
1.018414816464002365e-01 1.146070100748493303e-01 0.000000000000000000e+00
-3.533228491764949658e-02 -1.404516373276910868e-01 0.000000000000000000e+00
-1.280819864465472524e-01 -5.892600516853229581e-02 0.000000000000000000e+00
-2.086901299738478863e-02 1.364548138036221769e-01 0.000000000000000000e+00
-9.611033674358650247e-02 -1.259197261264478340e-01 0.000000000000000000e+00
1.182344605539923238e-01 -6.260274192821807526e-02 0.000000000000000000e+00
7.460962577950994157e-02 9.494986713140093904e-02 0.000000000000000000e+00
-4.686866838528567364e-03 -1.108073317761412574e-01 0.000000000000000000e+00
5.604465684415035204e-02 1.058066429244035878e-01 0.000000000000000000e+00
-9.603332476029427522e-02 5.722109286466823402e-02 0.000000000000000000e+00
8.970931439029615484e-02 -4.620596522673270368e-02 0.000000000000000000e+00
-1.250363060032735549e-02 -1.063636617787278027e-01 0.000000000000000000e+00
1.115900409855290626e-01 -7.119266893400688634e-02 0.000000000000000000e+00
4.390365849964509432e-02 1.247627308735037022e-01 0.000000000000000000e+00
1.013394577325302109e-01 1.799524591379220162e-02 0.000000000000000000e+00
1.622958166582924022e-01 -2.552610730927124677e-02 0.000000000000000000e+00
-7.837833325119443473e-02 1.148037395397189381e-01 0.000000000000000000e+00
-1.590599045811683376e-01 -3.219967496955170733e-02 0.000000000000000000e+00
2.319390944275655285e-04 1.874363973024950891e-01 0.000000000000000000e+00
1.191277325750885879e-01 8.643086389711229778e-02 0.000000000000000000e+00
-2.479381349614123015e-02 1.390633849232960073e-01 0.000000000000000000e+00
-1.346651451886280437e-01 7.434497557045358085e-02 0.000000000000000000e+00
-7.453867061997192234e-02 -7.238206715381055589e-02 0.000000000000000000e+00
1.451733159570805509e-01 -1.484194156605703023e-02 0.000000000000000000e+00
8.350979880795866839e-02 -1.329907304485583863e-01 0.000000000000000000e+00
1.917550756999263084e-01 3.723021909171960603e-02 0.000000000000000000e+00
1.199380733843896374e-01 9.117792497231606841e-02 0.000000000000000000e+00
-1.268915410945836986e-01 -7.237611365648716211e-02 0.000000000000000000e+00
-1.239860498318252624e-01 -1.486974262056557361e-01 0.000000000000000000e+00
-7.814162115904108030e-02 1.539361761290011787e-01 0.000000000000000000e+00
1.548279628853636569e-01 -1.006583384549668003e-01 0.000000000000000000e+00
-1.169438833233727715e-01 1.494620160838114886e-01 0.000000000000000000e+00
8.021342008460081996e-02 1.041587425196195543e-01 0.000000000000000000e+00
-1.002531716331204609e-01 7.052209764642489165e-02 0.000000000000000000e+00
-2.112018125136218630e-02 1.919624791172778455e-01 0.000000000000000000e+00
-5.956123505003210750e-02 1.070686568829601198e-01 0.000000000000000000e+00
-1.876639993115729044e-01 2.143996707838977459e-02 0.000000000000000000e+00
3.958679284137787968e-02 -1.764806122965142110e-01 0.000000000000000000e+00
-7.159367736790581138e-02 1.071261712053067222e-01 0.000000000000000000e+00
1.369794650346503329e-01 6.225204434578699569e-02 0.000000000000000000e+00
2.966750928629297013e-02 -1.709650843315847768e-01 0.000000000000000000e+00
-1.127052565287897101e-01 -1.491107846669610937e-01 0.000000000000000000e+00
-4.914514927193188581e-02 1.146384657274283764e-01 0.000000000000000000e+00
1.771626905144992603e-01 3.760204036463055816e-02 0.000000000000000000e+00
1.340718844422348621e-01 -1.358875954221044069e-01 0.000000000000000000e+00
1.127747308354777166e-03 1.209649186692227513e-01 0.000000000000000000e+00
2.057044881994693139e-02 -1.556787897963895773e-01 0.000000000000000000e+00
9.638528617171064627e-02 -1.526406197151519151e-01 0.000000000000000000e+00
1.350561057790885533e-01 -4.675094534085386805e-02 0.000000000000000000e+00
-1.053311787118154375e-01 9.450290540171367437e-02 0.000000000000000000e+00
1.886415636670615154e-02 -1.427082976063490383e-01 0.000000000000000000e+00
-3.216846054439950059e-02 1.212737982302925094e-01 0.000000000000000000e+00
1.282321707293102298e-01 1.244773013518999660e-01 0.000000000000000000e+00
6.187294719352605561e-03 1.330778558084579344e-01 0.000000000000000000e+00
4.222317323244858395e-02 1.140131300503666317e-01 0.000000000000000000e+00
1.173091386029729427e-01 -5.783042179751758660e-02 0.000000000000000000e+00
9.723204758772835410e-02 1.577429193158244314e-01 0.000000000000000000e+00
-1.605186967665119258e-01 1.111198041688467308e-02 0.000000000000000000e+00
7.635334150442073253e-02 9.696650671620296591e-02 0.000000000000000000e+00
-1.581200479324811892e-01 -4.621456920741917086e-03 0.000000000000000000e+00
-1.175813874419552943e-02 1.731863874749626775e-01 0.000000000000000000e+00
1.257307783866944834e-02 -1.682975476653555957e-01 0.000000000000000000e+00
1.775379552675092898e-01 -4.237196680633084633e-02 0.000000000000000000e+00
-9.557137655045339075e-02 -3.637480044372774085e-02 0.000000000000000000e+00
-1.037094820837559245e-01 1.187379349845346793e-01 0.000000000000000000e+00
-1.589482346853462180e-01 4.353640758629652441e-02 0.000000000000000000e+00
-6.233037884178994209e-02 1.305752730766440439e-01 0.000000000000000000e+00
-1.246102761533581481e-02 1.629165339389933020e-01 0.000000000000000000e+00
-1.195681991710075276e-01 1.463420120859854345e-01 0.000000000000000000e+00
-8.417663467156301371e-02 -1.164073730843842719e-01 0.000000000000000000e+00
1.692355523868278588e-01 -8.478442969848157262e-02 0.000000000000000000e+00
-6.829227665909286260e-02 -8.403127119915461407e-02 0.000000000000000000e+00
-1.266180560077798667e-01 -4.832366610480449964e-02 0.000000000000000000e+00
-6.302988696881316188e-02 8.071659741372654018e-02 0.000000000000000000e+00
1.359884541470774734e-02 -1.683437556745796815e-01 0.000000000000000000e+00
-1.274695887230914426e-01 -9.429100307930708691e-02 0.000000000000000000e+00
1.216098797578008400e-01 -1.287439237565512172e-02 0.000000000000000000e+00
-3.237624301136889093e-02 1.660828163793740542e-01 0.000000000000000000e+00
-1.231700737376951182e-01 -9.237648710462081914e-02 0.000000000000000000e+00
-1.785281315062640650e-01 4.718664426601340556e-02 0.000000000000000000e+00
9.412858785583823329e-02 5.650355893256157197e-02 0.000000000000000000e+00
1.338674954137004380e-01 8.980698850995355587e-02 0.000000000000000000e+00
3.800084223154977930e-02 1.600586744547133067e-01 0.000000000000000000e+00
-1.742291134330733460e-01 3.456551395982993685e-02 0.000000000000000000e+00
-9.992155802791628794e-02 1.078503729584173454e-01 0.000000000000000000e+00
-1.388548963143332593e-01 7.276904596674770020e-02 0.000000000000000000e+00
5.405194961511956553e-01 1.213947038051748084e-01 1.000000000000000000e+00
5.342758570699028542e-02 6.811770932935443668e-01 1.000000000000000000e+00
-3.997381303946409004e-01 4.375283726961409769e-01 1.000000000000000000e+00
-1.368161620756345731e-01 5.887397495357580279e-01 1.000000000000000000e+00
5.219042281390980920e-01 -3.689910544627538758e-01 1.000000000000000000e+00
-1.268696166478325005e-01 6.652027193467452415e-01 1.000000000000000000e+00
2.355204730020453996e-01 4.715746358480792932e-01 1.000000000000000000e+00
3.157349376899458160e-01 4.016809563827694607e-01 1.000000000000000000e+00
7.824042826577701226e-02 -5.807212294834499522e-01 1.000000000000000000e+00
3.936780466227468023e-01 -4.575155280905296995e-01 1.000000000000000000e+00
-5.099242943150930074e-01 2.225022186014730119e-01 1.000000000000000000e+00
5.086070256019786795e-01 -7.898072175505235770e-02 1.000000000000000000e+00
5.705626091125385324e-01 3.760969793339825062e-01 1.000000000000000000e+00
-3.224869801472936559e-01 5.522787742369924535e-01 1.000000000000000000e+00
-7.920487995005442983e-02 -5.535369089080125482e-01 1.000000000000000000e+00
2.048665743038268483e-01 6.242290726156651814e-01 1.000000000000000000e+00
6.717572140783729939e-02 4.973165651241137630e-01 1.000000000000000000e+00
5.059477834133715435e-01 2.522163163089188309e-01 1.000000000000000000e+00
2.919653665905011519e-01 6.119266662584897931e-01 1.000000000000000000e+00
-3.723406657750515103e-02 5.729481585593598769e-01 1.000000000000000000e+00
1.170204158373998188e-01 6.217713764965731027e-01 1.000000000000000000e+00
-1.409341302536689655e-01 -5.680643777719855958e-01 1.000000000000000000e+00
7.356700043713004789e-02 -6.316672128977528500e-01 1.000000000000000000e+00
5.483857779240171038e-01 -2.502002697709587165e-01 1.000000000000000000e+00
-8.798882113996928100e-02 -6.282776295541186995e-01 1.000000000000000000e+00
4.824964142625048913e-01 -3.464817852538569221e-01 1.000000000000000000e+00
4.778656160749410464e-01 -3.570203366608043494e-01 1.000000000000000000e+00
2.966508862609296138e-01 5.814334719155486164e-01 1.000000000000000000e+00
-7.234823543287839664e-02 6.002435973205455522e-01 1.000000000000000000e+00
-5.492178582635356410e-01 3.380575680277034256e-01 1.000000000000000000e+00
-4.750714936138904498e-01 -2.950013168133602259e-01 1.000000000000000000e+00
-2.391101801709866193e-02 -5.537863867782766292e-01 1.000000000000000000e+00
-3.396251152407469553e-01 4.179687037764948654e-01 1.000000000000000000e+00
-1.116818291447144729e-01 -6.397911339605746317e-01 1.000000000000000000e+00
5.972279682433773162e-01 -1.263094905760229480e-01 1.000000000000000000e+00
-1.387243872079917395e-01 -5.020397426622491555e-01 1.000000000000000000e+00
1.581971572679296556e-01 5.407094100212819221e-01 1.000000000000000000e+00
2.956330354471660704e-01 -5.287535119256125959e-01 1.000000000000000000e+00
-3.756007988516115725e-01 4.450814741852670009e-01 1.000000000000000000e+00
1.014270303286080900e-02 6.631348321454142436e-01 1.000000000000000000e+00
6.666791301289330673e-02 -6.373820814646571353e-01 1.000000000000000000e+00
3.746138768186241252e-01 -4.505322715284337254e-01 1.000000000000000000e+00
1.097206108540943331e-01 -6.637043009638029512e-01 1.000000000000000000e+00
6.458728120791493721e-01 -2.225394681855363543e-01 1.000000000000000000e+00
5.687413895610745618e-01 -1.507756693900633993e-01 1.000000000000000000e+00
-6.637491980744609776e-01 1.167797718690488235e-01 1.000000000000000000e+00
5.286423093734946566e-01 4.081212729128517180e-01 1.000000000000000000e+00
-7.608109341865472441e-02 -6.405412544878754666e-01 1.000000000000000000e+00
-3.106441615625911701e-01 5.796622489556995106e-01 1.000000000000000000e+00
-4.895858556296957542e-01 -2.562314618925587983e-01 1.000000000000000000e+00
-3.483595653958777016e-01 -4.362317003708237051e-01 1.000000000000000000e+00
3.116994888666088093e-01 4.716333884476097693e-01 1.000000000000000000e+00
1.852415093056860307e-01 -6.597502533355774634e-01 1.000000000000000000e+00
-1.036067384687480442e-01 -6.218102301894655737e-01 1.000000000000000000e+00
2.828053318088200041e-01 -5.591671152144265244e-01 1.000000000000000000e+00
-6.544562326183890333e-01 1.947781896336776009e-01 1.000000000000000000e+00
-3.264184204187172145e-01 -5.107842064515831781e-01 1.000000000000000000e+00
-5.680200583617261989e-01 3.252994284283229898e-01 1.000000000000000000e+00
-3.814948133542032660e-01 -5.122096718648319058e-01 1.000000000000000000e+00
4.835210780335116310e-01 -4.314761850641213869e-01 1.000000000000000000e+00
4.737431661120965476e-01 2.049919177777876356e-01 1.000000000000000000e+00
3.074757776269879117e-01 5.788452237223534746e-01 1.000000000000000000e+00
1.757046162495355390e-01 -5.092220637446006615e-01 1.000000000000000000e+00
3.793627547193278438e-01 -3.602068253847828805e-01 1.000000000000000000e+00
2.023528252278765718e-02 -5.314536693267454259e-01 1.000000000000000000e+00
2.121125904358271974e-01 -4.805342450804073740e-01 1.000000000000000000e+00
1.378276243966497228e-01 -6.378288652663404168e-01 1.000000000000000000e+00
-6.837334120762230683e-01 1.045505642446847294e-01 1.000000000000000000e+00
6.556433590869058525e-01 2.069910367664596906e-01 1.000000000000000000e+00
-1.118427308083689842e-01 -5.266751662909155973e-01 1.000000000000000000e+00
4.750819311937073963e-01 4.256119667700755116e-01 1.000000000000000000e+00
2.383255366363323247e-01 5.655896445290059527e-01 1.000000000000000000e+00
-6.331648363149741110e-01 2.795838267702582258e-01 1.000000000000000000e+00
-5.497667249752627994e-01 -6.797841420915766431e-02 1.000000000000000000e+00
1.205605577198034378e-02 6.287076429065939775e-01 1.000000000000000000e+00
3.763905724716537504e-01 -4.270024941594662282e-01 1.000000000000000000e+00
1.926760295192807837e-01 5.012588873861569816e-01 1.000000000000000000e+00
-5.365890720363147848e-01 4.126774368267655535e-01 1.000000000000000000e+00
4.438528523562788597e-01 5.235041992122495547e-01 1.000000000000000000e+00
7.032629432867697206e-02 5.318824451068723258e-01 1.000000000000000000e+00
-4.924005840007270596e-01 -3.060028511128398687e-01 1.000000000000000000e+00
-5.565544391147980718e-01 -2.163675751972579109e-01 1.000000000000000000e+00
6.229319369733239409e-01 2.053357958320212173e-01 1.000000000000000000e+00
4.703831084531662765e-01 3.749978796888884247e-01 1.000000000000000000e+00
4.082095643460323386e-02 6.241890134811181046e-01 1.000000000000000000e+00
5.334134334370635999e-01 2.714304801291235192e-01 1.000000000000000000e+00
-5.364667874869983866e-01 2.987604061000866396e-01 1.000000000000000000e+00
-4.715920573456932052e-01 -4.073569906173828969e-01 1.000000000000000000e+00
-4.669558603795059271e-01 -2.311707176035598665e-01 1.000000000000000000e+00
5.502815646153451645e-01 -7.641260144345274341e-02 1.000000000000000000e+00
4.764556180593795820e-01 3.012491719337599405e-01 1.000000000000000000e+00
-5.312320904865955873e-01 2.632421549656057125e-01 1.000000000000000000e+00
2.725550891869302772e-01 5.978163404997117736e-01 1.000000000000000000e+00
5.574803717831735561e-01 3.051912734958129314e-01 1.000000000000000000e+00
-3.829986883596595559e-01 -5.826384800246590112e-01 1.000000000000000000e+00
-3.715052516657675330e-01 5.886516225519499157e-01 1.000000000000000000e+00
1.945909386151346843e-01 -4.885154222949491531e-01 1.000000000000000000e+00
6.371978601733303549e-01 1.602696914704855868e-01 1.000000000000000000e+00
-2.666537881093395401e-01 -4.757977836640069902e-01 1.000000000000000000e+00
-1.999134936749932256e-01 -6.280085701959744471e-01 1.000000000000000000e+00
-1.813096185518983383e-01 -5.182408041868384885e-01 1.000000000000000000e+00
-3.861157267371947976e-01 -4.688387866235931845e-01 1.000000000000000000e+00
-4.748841436549704476e-01 3.359439396005595158e-01 1.000000000000000000e+00
5.579629349269112915e-01 -4.174483975814782255e-01 1.000000000000000000e+00
4.202587920660850740e-01 -3.660128981245475144e-01 1.000000000000000000e+00
3.482527246024487710e-01 -4.396228470996894067e-01 1.000000000000000000e+00
5.987281678217738490e-01 -2.599140406785017121e-01 1.000000000000000000e+00
-6.134624533329241514e-01 -2.451795378673414343e-03 1.000000000000000000e+00
4.476031561776668277e-01 4.818026429993878534e-01 1.000000000000000000e+00
-2.800079429161989736e-02 6.012077849590370393e-01 1.000000000000000000e+00
2.303850844572640222e-01 -5.044020891224453296e-01 1.000000000000000000e+00
-2.001299364756629062e-01 -5.910588238111482706e-01 1.000000000000000000e+00
-4.320837105606396555e-01 4.301340237089179563e-01 1.000000000000000000e+00
-4.177491073424971502e-02 5.232736513583567950e-01 1.000000000000000000e+00
1.257442138223768546e-01 -6.291762947224072144e-01 1.000000000000000000e+00
-4.351207276426320714e-02 5.379889859328794710e-01 1.000000000000000000e+00
4.189320385816211467e-01 -4.386876424110834338e-01 1.000000000000000000e+00
4.855915427964781483e-01 2.437345957653171691e-01 1.000000000000000000e+00
-3.482622020706555577e-01 -4.500771129240151436e-01 1.000000000000000000e+00
4.823384266672051668e-01 2.946831474212170399e-01 1.000000000000000000e+00
-1.793591616347832152e-01 5.335676046329815847e-01 1.000000000000000000e+00
-1.647877982408046948e-01 5.801856174270835220e-01 1.000000000000000000e+00
-3.872048896822920527e-01 5.427311585295675478e-01 1.000000000000000000e+00
6.743433077831743061e-01 1.391983533770806691e-01 1.000000000000000000e+00
-6.698820137755671089e-01 -1.144686865758642036e-01 1.000000000000000000e+00
6.240827675187241713e-02 -5.359773385961996706e-01 1.000000000000000000e+00
6.563287945787671385e-01 -1.750339531965729722e-01 1.000000000000000000e+00
-1.860323210669218297e-01 4.894293159443166563e-01 1.000000000000000000e+00
1.876170380482956312e-01 5.086668026622851446e-01 1.000000000000000000e+00
5.122385005253229373e-01 8.756857742038300085e-02 1.000000000000000000e+00
3.388073728701219700e-01 4.065674641824268409e-01 1.000000000000000000e+00
-3.584143263604305796e-01 3.800551027889256250e-01 1.000000000000000000e+00
-3.010960479246629906e-01 6.300103689837155407e-01 1.000000000000000000e+00
-2.755548479684644669e-01 5.891360994099211768e-01 1.000000000000000000e+00
5.020054901101698164e-01 -3.490771901871949634e-01 1.000000000000000000e+00
-3.265813107752288946e-01 -5.124573066127475762e-01 1.000000000000000000e+00
4.979246337297313918e-01 -3.426842542892634125e-01 1.000000000000000000e+00
-1.555053135951505461e-01 6.327029656030913607e-01 1.000000000000000000e+00
4.809083670689765500e-01 -1.717897361857989025e-01 1.000000000000000000e+00
5.841919881814184867e-01 2.467360959830456613e-01 1.000000000000000000e+00
-2.967720322947292599e-01 -4.762438813701281304e-01 1.000000000000000000e+00
4.907731667039023637e-01 -2.746943475012456060e-01 1.000000000000000000e+00
5.919415230731512878e-01 5.183911343952791323e-02 1.000000000000000000e+00
3.663378195120546299e-01 3.900600460350538423e-01 1.000000000000000000e+00
4.227596527157574391e-01 -4.951301957411676780e-01 1.000000000000000000e+00
-5.624842635585308726e-01 3.633508643076050482e-01 1.000000000000000000e+00
6.128942745778626772e-02 4.995175746693429897e-01 1.000000000000000000e+00
-5.089660743263193510e-01 1.655235373594201448e-02 1.000000000000000000e+00
-3.243548756047284071e-02 6.853169608987373929e-01 1.000000000000000000e+00
1.290647130045915192e-01 6.091716668928659484e-01 1.000000000000000000e+00
1.263224581705059968e-01 5.438354054064765686e-01 1.000000000000000000e+00
-2.994577431495469289e-01 -5.105235348385149807e-01 1.000000000000000000e+00
-2.288490756490992317e-01 5.172093189797642987e-01 1.000000000000000000e+00
4.869127450045306893e-01 -2.418882637409185965e-01 1.000000000000000000e+00
-4.355162760312066283e-01 5.451808153314042782e-01 1.000000000000000000e+00
2.593837764699911119e-01 -6.422425279080647975e-01 1.000000000000000000e+00
-4.634658905072014945e-01 4.144328745472790065e-01 1.000000000000000000e+00
3.557676066751501720e-01 -3.608849796238506324e-01 1.000000000000000000e+00
6.743775913763398744e-02 -5.324477231047815007e-01 1.000000000000000000e+00
5.294389256151317280e-01 -3.745256262788621698e-02 1.000000000000000000e+00
-4.514714850999015927e-01 2.854668581154832241e-01 1.000000000000000000e+00
5.980223235757987643e-01 -8.030119316274214603e-02 1.000000000000000000e+00
-1.006410884116698962e-01 -5.974388932960843501e-01 1.000000000000000000e+00
4.318560946098946585e-01 3.484559699650245923e-01 1.000000000000000000e+00
-4.918657133214530686e-01 3.764434786380974618e-01 1.000000000000000000e+00
2.835600962452781704e-01 4.653006211864946229e-01 1.000000000000000000e+00
-5.557831923746821001e-01 -4.873618293684944119e-02 1.000000000000000000e+00
-3.394290289294013552e-02 -6.386775580771051342e-01 1.000000000000000000e+00
-6.151269440283914092e-01 -2.768709041183908814e-01 1.000000000000000000e+00
-4.687327221235285113e-01 2.536808750037654048e-01 1.000000000000000000e+00
-1.373820483688528438e-01 5.712110008408691764e-01 1.000000000000000000e+00
6.682683223590730748e-01 5.990016736830353072e-02 1.000000000000000000e+00
1.209589896240216844e-01 5.746327010289578041e-01 1.000000000000000000e+00
-4.109536426589047720e-01 3.765178373523515032e-01 1.000000000000000000e+00
1.561394852732739258e-01 6.285188448835455910e-01 1.000000000000000000e+00
-6.002944613780599736e-01 -2.845840504805095539e-01 1.000000000000000000e+00
4.794209791243189134e-01 -2.692496355019305954e-01 1.000000000000000000e+00
5.103151403912209449e-01 -5.745035042751690108e-02 1.000000000000000000e+00
-1.189953677508833255e-02 -5.488900635998178457e-01 1.000000000000000000e+00
5.861733454153404965e-01 -2.584536718269848099e-01 1.000000000000000000e+00
9.512893489482678044e-02 -5.560410930668726603e-01 1.000000000000000000e+00
4.479330104047795080e-01 4.142945462589893157e-01 1.000000000000000000e+00
6.793097059657411396e-01 -8.126670955297407573e-02 1.000000000000000000e+00
-2.400634154743717386e-01 6.306081320276415436e-01 1.000000000000000000e+00
5.462833471580060829e-01 -4.738092526602895316e-02 1.000000000000000000e+00
-6.067341861539344849e-01 -1.086915605705576632e-01 1.000000000000000000e+00
3.415532146146526560e-01 5.215776468300914459e-01 1.000000000000000000e+00
-4.831491524065263388e-01 1.687948451282315632e-01 1.000000000000000000e+00
3.434100770644258338e-01 -4.251210679898657641e-01 1.000000000000000000e+00
-5.402439572995924033e-01 1.350836424863572915e-01 1.000000000000000000e+00
2.012152483849209139e-01 -5.276983794066728573e-01 1.000000000000000000e+00
4.773095804374357098e-01 3.054687352209184970e-01 1.000000000000000000e+00
4.535609794635165892e-01 -2.131896131835503694e-01 1.000000000000000000e+00
-4.479507425291011091e-01 -2.326410352995890163e-01 1.000000000000000000e+00
5.544215498869971004e-01 -3.109552203067420667e-02 1.000000000000000000e+00
6.526504398206386393e-01 -2.431540584685386863e-01 1.000000000000000000e+00
-9.830935179578439986e-02 5.174494768711266346e-01 1.000000000000000000e+00
1.596094971347149505e-01 6.690792904131974694e-01 1.000000000000000000e+00
-1.188752836201424357e-01 6.787576198103516534e-01 1.000000000000000000e+00
-4.778634747639899372e-01 2.255902340887676050e-01 1.000000000000000000e+00
